388923108922781697
388929052247347200
388945930130841600
388955358901067776
388972203242704896
388986124107927553
389061734847500288
389085352956530688
389160691040387072
389160976282427392
389161399899140096
389174297400324096
389189413667758080
389229293101785089
389244749125017600
389248066819084288
389252483412791296
389256438650257408
389258464461348864
389262222561525761
389263355057152000
389270841864626176
389276814549331968
389281960981327872
389290542527680512
389316773683527680
389321798472323073
389358444098363392
389368774690099200
389369445778731008
389375728828944384
389393659478544384
389397149147869184
389427897574096896
389460378263900160
389480976495030272
389497065836777472
389525687788240896
389535242413166592
389572273926963200
389589894185484288
389604582638120960
389695452230483970
389711172486053888
389768001115136000
389819750425300993
389901040222752769
389946967855362049
389992698351845376
390107479687692288
390112592557260800
390112714187493377
390118527501627392
390118921769979904
390130070221619200
390131290760298496
390155449950953472
390221417977237505
390247875625512960
390284215058591744
390306734293516288
390318402843062272
390319401087422464
390327999419019264
390332634137518080
390334748067135488
390353488213184512
390384962244845568
390427303760498688
390445674820403200
390487521400205312
390541896332099584
390592467047030784
390601199621509120
390614441005703169
390633776776105984
390645080412807168
390656178520608768
390658086953689088
390675367461019648
390676797735862272
390677649200119808
390679553410347008
390679951835271168
390689925894377472
390690840286199808
390695357522653184
390696347399385088
390696489980162048
390697479852654592
390697651835895808
390699895784361985
390699908354682880
390699962868449281
390700055146921984
390701175038701568
390703846810746880
390704022945943552
390704404648562688
390704756953329664
390705272857313280
390707135153455104
390707365822988288
390707562951086082
390708565385560064
390709030965886977
390710423474827264
390710872248565760
390710998082289664
390711434289508352
390712549986942976
390713619551641600
390713707598061568
390714458408222720
390714768790945792
390714995249786880
390716014498832385
390716173869785088
390716186440499200
390716274512125952
390716450693861376
390716622651924480
390717314699890688
390718401049399296
390718543635181568
390719659349397504
390719919370690561
390720552702210048
390720900834009088
390721915859771392
390724226916679680
390726399582937088
390728781926629376
390728790323654657
390729251710058496
390729343963381760
390729729864515584
390729767609040897
390730048632000512
390730237371105280
390731059467272192
390732439372713984
390732464533938177
390733412455424000
390737439003648000
390738290439368705
390738625962713088
390738655314464769
390739456430325760
390740555346345984
390742371492986880
390742832878997504
390744942609326080
390745546593288192
390745567535456256
390745957597339648
390745986982625280
390746523858141185
390748067345219584
390748679700615168
390749279490670592
390749577290063873
390749636035477504
390751821255675904
390757563266240512
390759031242903552
390760499249303552
390760885134049280
