347686624563429378
347766337344503808
347783236191129600
347793432514801665
347802211222433792
347804916514951168
347808955663257600
347812738900320256
347815712670236672
347819248455913473
347828509512724480
347831613293473793
347834360541614080
347834796774400000
347835581105057792
347839322420019200
347851469103431680
347852572230553601
347866593793024000
347868816765763584
347872579039662080
347873627632439296
347880648901537792
347881596789067778
347884541186297856
347887263289597953
347887946986295296
347901205177044992
347901683310944256
347903776277008384
347904308957814784
347904782914174977
347905873420619776
347907664409395200
347911137267953664
347912009691578368
347914475933941760
347914811511808001
347915021206036481
347916199809658882
347916212405145600
347916707328831488
347917680411553794
347918284366168065
347918506660073472
347919739785449472
347920062780407811
347921186816147459
347921258152865793
347922013106606081
347922340274905089
347922856157523970
347927046279794688
347928778544128003
347928887579254787
347931089580470272
347932788290379776
347933274821242881
347934264676978688
347934679892099073
347935749439619072
347938937114869760
347942602932371456
347942951063789568
347944733642981377
347945157301256194
347948810540036096
347949078967091201
347950987362836480
347952103056093184
347961057878351873
347961531843084288
347962056114315264
347964547556052992
347964602077810688
347965080232669184
347965428364099585
347966007148683265
347966581772529664
347967127061426177
347968645370101760
347974030852255744
347976702649053184
347979277955895299
347994360647917568
348015923589963776
348029991264600064
348038375669915648
348048823693750272
348049947792384001
348051789083447297
348056482518024192
348057631732146178
348059787625394176
348060488044802049
348062132207747072
348067303813951488
348068046209970177
348068713095897088
348069715530354688
348071133205118976
348072429249236992
348072861245767680
348074333463252992
348075121992400896
348075403019157507
348076019577675776
348076518678855681
348077579858755586
348078208974987264
348080608121073664
348081795121680384
348082575249666048
348083074371821570
348083380577001473
348085293175427072
348085729362067457
348086199140880385
348086928966553602
348088204009811968
348088640238407680
348089730736463872
348090145985138689
348090158551269379
348090431193620480
348090754142445568
348091181961461760
348091618173276160
348092062777880577
348092075373371394
348093300097556482
348094625510203392
348095216911265792
348095573414514688
348096177377509376
348098094170263552
348098622660952066
348099004363587584
348099193098874883
348100824670543872
348101281874857984
348101445456891904
348102284279955456
348103039258857472
348103836210184192
348109313946034176
348109871801040896
348112031859228672
348112442917797891
348113927701409792
348114510676103168
348115232121552898
348115659948949505
348116456862519296
348116553318928387
348117073395859456
348117203448627200
348117555778551809
348118088450969601
348119225107349504
348120638554259456
348120852472152064
348121355797020673
348121724904157185
348121913643638785
348123700425523200
348124962902650880
348125923394064386
348126846128373763
348127290745565185
348129400480481281
348129597616963585
348129736037376000
348129949913321474
348130319041437696
348130566509563904
348131443081351168
348133015949545472
348133288575107075
348133984833773568
348134483955945472
348135280877899776
348136853771272196
348138086863085568
348138284007964673
348139420685320194
348139739427270656
348141270339829760
348141509436129281
348142327308619781
348142402814488579
348142507672092673
348142755119239168
348144160219475968
348145020072759296
348145074569355264
348149650592772097
348149914821328896
348150254568349696
348150342619381760
348151995196129280
348154868306935809
348156944449679362
348158001452044289
348163105903214592
348163303027122177
348163869258166272
348165517636419584
348166079681540097
348168990511742976
348170034893422592
348170517230014464
348170538222497792
348170575962845184
348171003781857281
348171955893043201
348172421444009984
348172870234542080
348172924781461504
348174715719913472
348175114178789376
348176225677750272
348177437844176896
348177597219340288
348178062791290882
348180801688576000
348181946729373696
348185495102173186
348187235729932288
348188443685302275
348188636627484673
348190331113701377
348194420568489984
348194529641377794
348196391912361984
348197813773008896
348199046910967809
348199252431876096
348199323735048192
348199478903324672
348200057721470976
348201341174292480
348201815147417600
348203450892439554
348204600165273600
348207041237630978
348208320517120000
348208542802644992
348211671757639680
348212258939236352
348212342854660096
348216906244816896
348217606676824065
348218403619741697
348221293478412288
348222367211859968
348222744695025664
348222950220120065
348225148060581888
348225663955771393
348229426242273280
348234065134096386
348234375508393985
348236158087598081
348241023480242176
348241593905582082
348246358647508993
348246627074580480
348248162185641984
348251509240250369
348252926931771392
348255091196833792
348263601414475777
348267573428756480
348268395524939776
348268676534898688
348269813187088385
348270299730542592
348271813857517568
348275538412052480
348276276630528000
348281951490306049
348292303040942080
348301153039167488
348304101639065600
348304642691694592
348305477354000385
348307129926565891
348307624837652480
348309529068445697
348315212346167296
348316315422953473
348316432897028096
348316873290551297
348317745693212672
348324754366812160
348326247564206080
348327958831837184
348328856421269505
348329087112183808
348331976970866688
348342227849854976
348346078208331776
348349731459715072
348358803730878464
348365644665856000
348400193114345473
348413681996034048
348417012294365185
348424872399093760
348428265620385792
348434036965912576
348445667783491584
348445822955958273
348449325187231744
348453179752587264
348457608971173888
348458577842798592
348465464898375682
348465582313713666
348466446373879808
348467335557943296
348471416619925504
348472133824937984
348475631899668480
348476948894318592
348479473882112000
348480715396108288
348481025762029568
348481084486471680
348481201914408960
348481432601116672
348486704841228289
348492887245328385
348494908895674369
348495282188722176
348495781315084288
348498075590991872
348498994139377664
348500193722908672
348500655087951872
348501204533387265
348501951157243904
348503184257458176
348509580566872065
348512566932275200
348514483708260353
348515419046424578
348518732554973185
348522817798672384
348532548596551680
348533102215299072
348534809309614081
348534847058350080
348545387344314368
348546117157400576
348547190915993600
348548570829434881
348553302000144384
348553864045268993
348556565185441792
348557299192840194
348559870288617472
348563208950382592
348564479824498688
348566543409487872
348567608787877888
348568367935922176
348570850968076288
348572415439278082
348572549673795584
348573833126608896
348579197616259072
348580304950272002
348580669846327296
348581043110035457
348598206206193666
348602446668496897
348602513789952001
348606620013568000
348606951338422272
348609761547259905
348610860438130688
348628505862483968
348630816949153793
348636407952191488
348638626743214082
348641600508923905
348648663683301377
348648982463016962
348650081366458368
348655668187758592
348657220076044290
348662072889966592
348675276571557888
348680917897838593
348691328151990272
348711146225811456
348721531335094272
348748534285205504
348778972345143296
348789885915774976
348806839279947776
348812191220256768
348819136996061185
348819854201073664
348820189774753792
348827676582240256
348827936658432000
348831061414916096
348831304663580672
348832709763792896
348835515740598274
348847553409851392
348852221678596096
348853085688442881
348853182144843777
348854553673875456
348854671139553281
348859607810179072
348863550481117184
348865609884385280
348866264183218179
348867581182099456
348868147421536256
348868717838471171
348872425607401472
348873142837592064
348876963852722177
348877882426265601
348888510775828481
348895309755191297
348902951781273600
348902972731838464
348903157281198081
348903559942774784
348905854227054594
348913546568015872
348922744676679680
348926066573840385
348931909243506688
348934048342753280
348942877352669186
348943988830658560
348944215310471170
348944362115313665
348944827678859264
348949747601653760
348958668882059264
348961974022979584
348964503196680193
348965090374057985
348965937631866880
348979715937275904
348987617993428992
348991661315072001
348994354020491264
348996916761198592
348999349465911296
349006865646104576
349009818419335168
349013706576896000
349038067077746688
349041644802277376
349099597496451072
349155679568805890
349158124839632896
349164693107113984
349164697297223683
349171081040523264
349172121244676097
349181210301456385
349181604545036291
349188353175977985
349189825385086976
349196032942415872
349199627486117891
349200151748935682
349224910729646083
349228786266537984
349238064058605569
349240735863808000
349253792732155904
349258708435480576
349260130317115392
349261694788313090
349269584269942786
349272688067481600
349285220618481665
349292342542483457
349295639303172096
349297669337919488
349301217693937666
349303046410473472
349308201222684674
349309505638637568
349311925760425986
349312605233500160
349324378674171905
349333362843979777
349342443524734978
349345274671546369
349350769226555392
349360084779925504
349363721245696002
349402975720062976
349406188535955456
349412320608403456
349414409401155584
349468931146252288
349494151483637760
349525340357533697
349530063148040192
349532466459058177
349532898472374272
349534517482098689
349534991442657282
349548123808473092
349555296080887809
349562187288809472
349562799669772289
349565760856793088
349568713642610688
349569841927163907
349570978579361792
349575596482904065
349577693626511363
349578033394483201
349579920835481603
349586275193454592
349607720653033473
349621704466767874
349622866284785665
349623721943760897
349640121684996096
349647428145790978
349653178540769284
349663072895516672
349682614174621697
349683167789195264
349685575332270080
349693544505683968
349703183033040896
349706488132014081
349707104686321664
349721331769688065
349722569097744384
349724435567218689
349724817253085185
349739522474524672
349748485697966080
349753686630739969
349812813738418178
349845067948765185
349875640239009793
349882195902611459
349886910312886276
349904622846083073
349905327522721792
349921140019429377
349921962128179200
349922930999820289
349927045603667968
349938592539353088
349939318145560577
349941771821776897
349944145802043392
349946691740381184
349947790631256065
349952165294505984
349956103758553088
349960755245875200
349962357444841472
349963070480723970
349964861452713984
349975972176609282
349978975306653696
349980703351508993
349982506877071360
349982691430633474
349989607854706688
349990224425783296
350002064920813568
350005135176499200
350010969444990977
350020968648945665
350021199369211907
350029638304669696
350030984672067584
350035854250606595
350036110082187264
350044712629047298
350046562291945472
350067454128558080
350073464566198276
350078904574287872
350096222876471296
350100241019703297
350100987589038082
350101616730456065
350105576149237760
350105685196939264
350106754757046273
350106977059356672
350107933373235201
350130213499318272
350222995689701376
350261264527798275
350261398766493697
350268269040640000
350276036879065088
350304474243403777
350313898852880384
350317484991193088
350323822559375361
350367502045417473
350375462863781890
350401543046053888
350421012984246272
350424267764142081
350435349115322368
350438939443728385
350446845698387970
350452646420824064
350497009565835264
350563417985253379
350588227297619968
350600357233180673
350604731888066560
350609643439001601
350614403965652993
350619210646425600
350641394295115778
350644359676440579
350657106157912065
350657198457753600
350661489218166785
350670372745641985
350686164325380096
350708096320024576
350725741777911809
350726014369927168
350726454801215488
350728832950599680
351734622884855808
351741648327294977
351776825967513600
352043285876977664
352054501466849280
352132125450973185
352142128878592003
352170146829307904
352193337106763776
352212060492402688
352299717251694592
352393543832190977
352488871973486592
352513983267352577
352520278926041088
352542206734778369
352559655060385795
352564088422928384
352600079741362177
352603552633470978
352612109022015489
352612683616493568
352762298634473472
352796817777369092
352832884589072384
352852388102684673
352856926331219969
352861875630903296
352868754264293377
352904812699987971
352957337981566976
352959690981916672
353009414443241473
353011381588590594
353074690413170689
353165513851015170
353176226124406784
353197629645135872
353265988403335168
353320136897343488
353325488816664576
353330295505813504
353350927291387904
353514098262155264
353536558781038592
353540459466989568
353568968151277570
353669425951539204
353722446152601600
354005779747045376
354033101464272896
354046170915545088
354243307393662977
354250303505317891
354313666860023809
354314602164654081
354353156211224576
354362073314107395
354376833048911873
354391747989733376
354395665473880065
354409733177884672
354421829542223872
354426766267383808
354439470801616898
354453345567649793
354608123765460994
354641531375849472
354689577153343488
354803305706295298
354987137847934978
355084001108692995
355108688761065472
355185180283109378
355385642844295168
355423135748730880
355472532058546177
355502957535567873
355738488672485377
355765575496122368
356249115857920000
356443085615538177
356478426842017792
356633364423389184
356770161623183360
356933366219681792
356958972420431872
